80
0 380 716 488 109 45 216 129 274 840 377 105 242 936 406 442 713 840 959 682 357 486 924 654 604 901 794 736 416 371 456 76 962 37 385 840 182 536 226 970 606 938 375 766 505 343 673 352 325 944 315 207 586 217 685 683 745 586 984 505 622 536 771 652 385 749 29 397 627 310 956 38 407 635 797 716 670 28 373 548 
380 0 9 962 240 175 352 995 888 632 688 506 937 406 373 607 114 53 204 731 118 98 828 102 692 358 725 892 27 226 970 646 498 405 452 485 688 994 999 588 191 957 560 79 62 799 711 118 231 704 337 950 317 981 18 482 227 818 465 350 33 281 484 381 312 396 806 323 193 407 110 597 216 138 577 935 423 221 219 742 
716 9 0 136 285 866 288 338 798 436 545 321 489 226 96 439 969 604 89 47 944 615 963 948 103 885 684 397 910 724 924 203 384 561 448 46 267 102 608 549 406 170 59 5 772 304 969 221 553 499 386 207 570 888 877 496 409 764 883 364 801 144 341 404 567 946 570 449 146 214 990 902 605 852 552 49 554 692 491 474 
488 962 136 0 169 879 792 495 745 24 985 967 526 804 288 485 364 605 929 216 763 357 742 569 444 601 962 4 762 659 920 187 52 5 165 647 130 75 355 656 502 888 191 143 598 68 829 402 407 108 186 880 372 162 195 134 470 591 500 816 494 310 659 660 666 91 175 612 388 884 259 866 665 503 847 929 104 700 801 721 
109 240 285 169 0 761 348 519 292 129 434 296 839 491 904 332 651 984 374 330 980 427 191 457 521 534 492 984 877 545 821 985 813 5 156 795 556 283 645 856 235 482 860 175 117 633 725 635 938 361 425 91 858 783 7 627 949 801 322 842 337 247 258 157 171 828 669 5 985 388 15 269 543 216 440 327 440 512 397 495 
45 175 866 879 761 0 768 393 121 167 280 47 406 517 594 596 414 282 701 898 87 60 267 46 550 222 129 213 707 582 238 595 182 616 248 233 728 521 44 719 662 383 428 251 177 175 734 200 49 278 162 883 347 676 180 770 888 70 307 454 592 835 393 450 943 202 181 228 919 770 557 924 558 161 295 218 810 97 306 69 
216 352 288 792 348 768 0 354 944 648 377 702 135 415 521 618 237 113 62 703 516 272 558 122 77 686 416 865 976 988 695 867 759 305 797 952 763 830 298 1 454 287 813 513 547 292 690 684 779 337 13 838 562 187 334 128 833 412 742 623 397 833 664 957 727 922 91 179 101 713 88 975 282 15 183 67 10 787 78 878 
129 995 338 495 519 393 354 0 816 580 76 888 123 105 835 520 662 511 709 711 663 12 801 274 755 41 997 532 256 949 350 35 570 735 966 812 298 228 661 1 532 106 275 970 336 348 757 562 820 639 310 811 464 260 552 276 594 368 435 442 818 952 637 789 456 320 666 429 405 294 518 468 16 219 889 366 786 122 739 366 
274 888 798 745 292 121 944 816 0 164 420 328 530 399 739 165 498 827 805 580 269 365 955 836 622 747 915 813 453 538 322 906 936 882 726 759 51 503 220 525 893 380 749 36 405 747 423 137 21 640 529 400 606 151 846 316 460 779 397 492 188 121 464 488 139 347 637 981 161 505 90 268 574 221 724 34 899 310 177 300 
840 632 436 24 129 167 648 580 164 0 4 48 916 889 900 418 97 780 314 488 617 282 27 793 528 569 127 228 998 674 760 487 995 760 689 576 247 641 940 799 752 893 383 131 381 292 831 620 299 877 501 410 462 781 360 644 442 556 28 403 290 750 377 128 393 968 599 859 887 506 81 446 950 332 407 337 542 884 240 895 
377 688 545 985 434 280 377 76 420 4 0 701 359 351 913 251 613 206 209 718 570 208 354 801 842 932 326 18 501 903 624 252 996 104 395 530 139 634 946 285 495 662 130 367 689 807 429 113 195 578 8 755 603 653 391 250 678 39 424 799 839 817 717 685 808 188 6 67 7 170 534 467 677 793 125 17 900 822 990 608 
105 506 321 967 296 47 702 888 328 48 701 0 967 118 9 74 54 587 428 167 937 476 982 480 637 334 356 36 589 202 855 722 43 431 814 216 543 258 200 955 735 658 460 568 88 393 933 315 195 616 672 742 628 250 776 692 423 989 820 351 84 948 503 615 989 144 560 395 460 375 819 141 811 661 72 97 582 667 874 470 
242 937 489 526 839 406 135 123 530 916 359 967 0 476 358 467 976 782 226 262 189 670 398 989 719 756 153 420 377 461 581 149 70 590 395 734 118 151 719 352 962 659 901 985 650 982 972 453 837 384 267 648 73 722 953 807 428 398 473 599 602 252 326 254 111 346 723 73 319 420 494 429 740 620 214 795 89 444 699 638 
936 406 226 804 491 517 415 105 399 889 351 118 476 0 29 281 629 822 105 794 895 818 805 754 493 713 696 562 508 913 591 171 465 252 528 921 500 264 743 492 654 118 905 996 90 94 991 810 728 656 861 47 239 934 380 663 492 112 420 694 566 536 550 294 420 367 417 367 257 647 483 89 966 916 803 414 705 725 204 795 
406 373 96 288 904 594 521 835 739 900 913 9 358 29 0 213 238 573 744 778 595 183 686 910 438 958 665 484 521 604 206 780 195 474 646 899 740 744 19 285 899 607 651 952 803 813 387 891 337 56 94 687 609 751 942 116 705 310 826 327 710 32 649 202 262 378 749 804 230 581 379 979 229 796 531 552 896 999 227 962 
442 607 439 485 332 596 618 520 165 418 251 74 467 281 213 0 703 16 945 614 616 356 272 941 451 131 474 934 470 620 695 733 545 626 77 196 709 716 825 809 280 436 749 232 940 221 746 859 770 43 248 287 88 6 379 841 658 895 776 225 0 190 137 653 469 602 205 841 528 443 500 230 878 709 481 568 935 366 401 405 
713 114 969 364 651 414 237 662 498 97 613 54 976 629 238 703 0 488 778 899 283 866 212 152 505 760 496 309 896 870 767 327 867 208 274 582 285 713 259 109 626 830 152 705 913 482 825 903 888 491 821 667 185 548 455 39 780 404 415 289 724 711 110 104 742 620 34 832 687 47 395 611 542 392 957 875 698 11 263 757 
840 53 604 605 984 282 113 511 827 780 206 587 782 822 573 16 488 0 989 321 819 496 889 639 488 279 674 686 252 107 28 987 21 101 574 240 858 914 448 450 821 223 985 268 900 551 132 20 80 723 619 580 542 969 372 476 28 601 659 454 726 28 441 530 730 741 820 123 305 268 583 138 311 953 123 146 644 702 269 371 
959 204 89 929 374 701 62 709 805 314 209 428 226 105 744 945 778 989 0 876 352 546 243 180 543 849 690 70 524 600 236 447 955 138 468 743 705 399 775 128 671 348 695 538 600 284 394 975 935 407 762 59 453 539 806 974 850 688 280 805 593 592 8 373 969 607 761 66 928 855 611 895 843 847 537 982 684 29 900 259 
682 731 47 216 330 898 703 711 580 488 718 167 262 794 778 614 899 321 876 0 35 225 952 236 625 757 676 588 161 730 312 464 607 588 498 49 789 880 274 675 139 732 335 62 607 729 145 859 54 309 928 521 426 876 68 984 957 288 15 501 156 894 217 480 927 306 346 675 8 302 629 52 858 199 27 668 732 953 597 585 
357 118 944 763 980 87 516 663 269 617 570 937 189 895 595 616 283 819 352 35 0 814 237 30 369 635 127 304 687 632 916 198 619 388 180 723 557 168 324 713 339 161 296 819 180 324 119 823 411 89 255 574 383 323 923 671 66 903 290 915 929 251 354 745 892 585 364 693 135 435 682 901 176 657 526 669 778 874 53 235 
486 98 615 357 427 60 272 12 365 282 208 476 670 818 183 356 866 496 546 225 814 0 569 727 988 589 142 734 337 65 461 341 454 61 798 813 473 465 697 114 535 521 854 160 579 967 747 544 41 833 767 795 720 527 847 102 975 448 326 454 911 341 523 934 17 894 118 967 378 844 530 984 92 966 929 262 679 184 964 277 
924 828 963 742 191 267 558 801 955 27 354 982 398 805 686 272 212 889 243 952 237 569 0 128 569 875 704 536 411 997 773 656 329 831 452 3 380 106 610 230 6 448 225 259 51 935 610 212 388 474 222 806 270 859 489 923 963 30 704 77 584 194 13 248 774 825 416 903 740 419 168 346 981 621 586 846 542 415 817 686 
654 102 948 569 457 46 122 274 836 793 801 480 989 754 910 941 152 639 180 236 30 727 128 0 444 943 471 945 395 816 147 339 169 663 692 848 420 664 429 46 857 675 361 595 735 789 816 703 307 669 75 955 150 524 533 778 156 688 306 774 942 339 700 599 938 711 587 816 280 589 805 122 249 559 24 685 588 898 403 412 
604 692 103 444 521 550 77 755 622 528 842 637 719 493 438 451 505 488 543 625 369 988 569 444 0 769 896 971 632 225 700 397 136 381 871 974 672 46 819 395 7 389 79 799 109 973 434 103 861 990 851 468 783 275 80 185 897 749 341 651 855 801 504 153 649 807 619 284 172 989 1 729 108 172 941 829 16 522 87 617 
901 358 885 601 534 222 686 41 747 569 932 334 756 713 958 131 760 279 849 757 635 589 875 943 769 0 494 415 664 246 888 451 488 289 431 232 782 906 760 892 384 954 820 187 795 300 508 570 749 534 596 302 673 135 520 166 788 355 725 998 613 933 929 758 698 788 293 499 729 393 177 964 371 360 161 407 768 645 303 269 
794 725 684 962 492 129 416 997 915 127 326 356 153 696 665 474 496 674 690 676 127 142 704 471 896 494 0 47 49 874 395 925 733 533 827 128 430 874 970 588 898 529 283 870 626 843 964 967 256 100 160 387 802 497 885 642 664 414 14 231 923 723 363 615 894 664 944 820 130 806 467 907 764 240 562 515 386 218 341 248 
736 892 397 4 984 213 865 532 813 228 18 36 420 562 484 934 309 686 70 588 304 734 536 945 971 415 47 0 894 217 911 934 425 963 403 25 492 88 485 524 211 937 486 328 683 680 100 464 614 696 690 932 948 6 883 34 828 865 941 827 499 374 27 941 941 7 347 492 58 269 42 735 610 619 109 689 188 45 401 780 
416 27 910 762 877 707 976 256 453 998 501 589 377 508 521 470 896 252 524 161 687 337 411 395 632 664 49 894 0 450 729 901 757 354 4 214 716 817 80 675 162 289 653 835 152 5 622 396 125 313 61 29 96 919 954 710 591 984 615 630 304 152 703 501 446 445 569 739 663 929 168 753 283 269 757 111 198 913 343 597 
371 226 724 659 545 582 988 949 538 674 903 202 461 913 604 620 870 107 600 730 632 65 997 816 225 246 874 217 450 0 274 698 33 702 423 419 900 762 365 975 479 19 764 30 429 418 569 710 966 91 403 75 976 518 119 938 319 311 833 370 322 832 724 213 912 838 116 494 963 177 609 786 116 784 935 412 792 717 196 124 
456 970 924 920 821 238 695 350 322 760 624 855 581 591 206 695 767 28 236 312 916 461 773 147 700 888 395 911 729 274 0 385 884 282 344 968 378 174 582 201 411 159 952 415 44 67 113 355 891 998 167 263 628 661 601 935 357 250 659 994 756 137 224 949 951 298 463 616 573 151 513 662 531 937 178 863 777 326 678 944 
76 646 203 187 985 595 867 35 906 487 252 722 149 171 780 733 327 987 447 464 198 341 656 339 397 451 925 934 901 698 385 0 302 479 870 390 153 359 859 575 386 261 378 778 497 934 33 703 805 36 105 937 175 724 300 883 775 975 905 913 175 799 981 193 424 853 444 322 626 512 25 300 664 104 514 664 498 867 904 393 
962 498 384 52 813 182 759 570 936 995 996 43 70 465 195 545 867 21 955 607 619 454 329 169 136 488 733 425 757 33 884 302 0 940 968 509 26 856 371 303 978 768 273 932 430 214 284 582 310 127 769 369 275 517 199 354 302 37 339 187 21 153 490 140 922 302 686 628 60 352 5 905 754 740 414 700 749 934 550 832 
37 405 561 5 5 616 305 735 882 760 104 431 590 252 474 626 208 101 138 588 388 61 831 663 381 289 533 963 354 702 282 479 940 0 661 965 994 532 311 596 238 359 238 266 573 156 992 916 554 143 122 818 902 286 454 999 578 283 947 212 336 289 822 976 637 876 312 937 418 694 272 766 643 576 691 560 71 822 569 613 
385 452 448 165 156 248 797 966 726 689 395 814 395 528 646 77 274 574 468 498 180 798 452 692 871 431 827 403 4 423 344 870 968 661 0 850 30 289 327 679 714 240 501 242 564 222 385 93 954 145 42 17 346 254 794 47 559 77 227 239 564 637 109 985 760 216 363 603 483 112 959 203 17 458 323 653 973 170 441 398 
840 485 46 647 795 233 952 812 759 576 530 216 734 921 899 196 582 240 743 49 723 813 3 848 974 232 128 25 214 419 968 390 509 965 850 0 287 991 741 737 433 640 202 242 166 191 778 282 907 517 91 515 651 550 422 845 902 743 217 8 10 461 599 738 989 543 246 547 593 711 674 511 585 85 344 483 267 621 821 68 
182 688 267 130 556 728 763 298 51 247 139 543 118 500 740 709 285 858 705 789 557 473 380 420 672 782 430 492 716 900 378 153 26 994 30 287 0 983 698 824 821 119 658 574 808 14 956 125 55 78 216 226 626 349 790 879 955 48 969 111 857 507 829 780 906 719 919 819 629 653 708 382 111 427 13 739 227 572 993 155 
536 994 102 75 283 521 830 228 503 641 634 258 151 264 744 716 713 914 399 880 168 465 106 664 46 906 874 88 817 762 174 359 856 532 289 991 983 0 351 548 395 5 485 813 54 403 160 235 974 86 728 695 113 126 695 554 253 836 196 576 772 820 712 943 790 901 808 48 557 459 562 925 55 494 147 700 407 332 48 611 
226 999 608 355 645 44 298 661 220 940 946 200 719 743 19 825 259 448 775 274 324 697 610 429 819 760 970 485 80 365 582 859 371 311 327 741 698 351 0 709 533 115 436 799 910 225 675 32 768 274 198 41 873 609 980 85 644 61 241 977 709 470 281 259 927 788 50 314 625 164 576 774 686 980 739 986 108 690 163 743 
970 588 549 656 856 719 1 1 525 799 285 955 352 492 285 809 109 450 128 675 713 114 230 46 395 892 588 524 675 975 201 575 303 596 679 737 824 548 709 0 576 871 455 827 727 138 490 698 616 931 207 43 489 444 399 687 295 479 465 933 994 404 633 10 607 785 707 623 680 400 737 419 354 963 76 906 317 219 832 814 
606 191 406 502 235 662 454 532 893 752 495 735 962 654 899 280 626 821 671 139 339 535 6 857 7 384 898 211 162 479 411 386 978 238 714 433 821 395 533 576 0 297 97 259 942 599 276 704 724 958 869 566 659 295 247 694 104 962 964 397 664 34 555 990 171 495 798 813 447 259 427 239 88 536 49 501 87 823 806 259 
938 957 170 888 482 383 287 106 380 893 662 658 659 118 607 436 830 223 348 732 161 521 448 675 389 954 529 937 289 19 159 261 768 359 240 640 119 5 115 871 297 0 905 643 270 468 969 904 831 616 288 14 219 425 684 563 477 458 119 223 823 441 849 385 460 350 328 243 937 60 288 393 530 769 774 840 802 609 345 877 
375 560 59 191 860 428 813 275 749 383 130 460 901 905 651 749 152 985 695 335 296 854 225 361 79 820 283 486 653 764 952 378 273 238 501 202 658 485 436 455 97 905 0 642 823 339 91 990 430 259 105 69 548 767 131 528 760 369 975 596 214 815 931 955 321 48 990 831 577 187 708 553 149 658 254 289 450 111 353 455 
766 79 5 143 175 251 513 970 36 131 367 568 985 996 952 232 705 268 538 62 819 160 259 595 799 187 870 328 835 30 415 778 932 266 242 242 574 813 799 827 259 643 642 0 76 822 949 890 308 324 873 831 596 30 830 4 519 908 177 797 228 31 276 678 972 313 167 810 41 244 755 500 274 239 328 525 284 268 600 85 
505 62 772 598 117 177 547 336 405 381 689 88 650 90 803 940 913 900 600 607 180 579 51 735 109 795 626 683 152 429 44 497 430 573 564 166 808 54 910 727 942 270 823 76 0 196 381 707 229 258 944 124 740 592 816 155 592 444 598 365 391 345 95 273 439 797 600 852 355 942 664 840 847 534 421 776 454 841 538 951 
343 799 304 68 633 175 292 348 747 292 807 393 982 94 813 221 482 551 284 729 324 967 935 789 973 300 843 680 5 418 67 934 214 156 222 191 14 403 225 138 599 468 339 822 196 0 113 157 223 322 907 938 217 875 507 961 804 583 946 265 326 146 734 880 381 930 53 279 644 313 110 257 802 183 381 214 244 527 453 419 
673 711 969 829 725 734 690 757 423 831 429 933 972 991 387 746 825 132 394 145 119 747 610 816 434 508 964 100 622 569 113 33 284 992 385 778 956 160 675 490 276 969 91 949 381 113 0 372 32 571 700 177 944 448 260 97 708 439 172 572 739 496 850 708 123 220 980 746 771 434 750 322 436 369 993 721 186 415 196 590 
352 118 221 402 635 200 684 562 137 620 113 315 453 810 891 859 903 20 975 859 823 544 212 703 103 570 967 464 396 710 355 703 582 916 93 282 125 235 32 698 704 904 990 890 707 157 372 0 615 842 126 535 33 821 845 390 267 781 913 484 370 260 757 627 17 990 151 314 71 442 29 589 902 44 730 972 512 136 433 5 
325 231 553 407 938 49 779 820 21 299 195 195 837 728 337 770 888 80 935 54 411 41 388 307 861 749 256 614 125 966 891 805 310 554 954 907 55 974 768 616 724 831 430 308 229 223 32 615 0 645 721 946 140 416 235 11 986 931 309 513 947 424 68 903 812 642 460 69 541 899 800 133 908 399 916 850 610 456 560 330 
944 704 499 108 361 278 337 639 640 877 578 616 384 656 56 43 491 723 407 309 89 833 474 669 990 534 100 696 313 91 998 36 127 143 145 517 78 86 274 931 958 616 259 324 258 322 571 842 645 0 906 148 328 454 223 428 570 79 653 126 943 331 3 581 230 384 703 16 542 120 626 240 602 126 742 422 82 488 29 268 
315 337 386 186 425 162 13 310 529 501 8 672 267 861 94 248 821 619 762 928 255 767 222 75 851 596 160 690 61 403 167 105 769 122 42 91 216 728 198 207 869 288 105 873 944 907 700 126 721 906 0 831 646 812 826 671 890 24 541 442 856 87 259 491 208 163 194 723 857 362 833 35 864 849 751 985 865 251 755 294 
207 950 207 880 91 883 838 811 400 410 755 742 648 47 687 287 667 580 59 521 574 795 806 955 468 302 387 932 29 75 263 937 369 818 17 515 226 695 41 43 566 14 69 831 124 938 177 535 946 148 831 0 350 164 27 597 630 99 673 805 135 95 523 738 479 377 650 345 319 787 373 99 929 783 543 93 500 803 614 285 
586 317 570 372 858 347 562 464 606 462 603 628 73 239 609 88 185 542 453 426 383 720 270 150 783 673 802 948 96 976 628 175 275 902 346 651 626 113 873 489 659 219 548 596 740 217 944 33 140 328 646 350 0 462 755 790 887 617 32 949 473 553 144 288 747 709 533 206 780 803 610 603 553 17 780 368 342 538 885 273 
217 981 888 162 783 676 187 260 151 781 653 250 722 934 751 6 548 969 539 876 323 527 859 524 275 135 497 6 919 518 661 724 517 286 254 550 349 126 609 444 295 425 767 30 592 875 448 821 416 454 812 164 462 0 754 637 623 79 342 588 271 743 319 579 424 546 580 480 946 327 329 539 281 326 158 13 731 870 746 294 
685 18 877 195 7 180 334 552 846 360 391 776 953 380 942 379 455 372 806 68 923 847 489 533 80 520 885 883 954 119 601 300 199 454 794 422 790 695 980 399 247 684 131 830 816 507 260 845 235 223 826 27 755 754 0 357 722 708 873 821 599 179 523 989 297 36 868 974 670 932 396 444 395 78 962 969 357 967 961 524 
683 482 496 134 627 770 128 276 316 644 250 692 807 663 116 841 39 476 974 984 671 102 923 778 185 166 642 34 710 938 935 883 354 999 47 845 879 554 85 687 694 563 528 4 155 961 97 390 11 428 671 597 790 637 357 0 147 737 245 379 955 213 781 510 578 420 384 366 848 344 44 894 947 910 21 505 451 423 708 508 
745 227 409 470 949 888 833 594 460 442 678 423 428 492 705 658 780 28 850 957 66 975 963 156 897 788 664 828 591 319 357 775 302 578 559 902 955 253 644 295 104 477 760 519 592 804 708 267 986 570 890 630 887 623 722 147 0 974 559 648 837 932 37 185 61 534 581 498 426 274 826 286 79 450 744 79 224 798 416 267 
586 818 764 591 801 70 412 368 779 556 39 989 398 112 310 895 404 601 688 288 903 448 30 688 749 355 414 865 984 311 250 975 37 283 77 743 48 836 61 479 962 458 369 908 444 583 439 781 931 79 24 99 617 79 708 737 974 0 641 79 317 488 895 110 608 954 113 292 119 138 639 515 427 824 700 949 257 957 368 228 
984 465 883 500 322 307 742 435 397 28 424 820 473 420 826 776 415 659 280 15 290 326 704 306 341 725 14 941 615 833 659 905 339 947 227 217 969 196 241 465 964 119 975 177 598 946 172 913 309 653 541 673 32 342 873 245 559 641 0 577 722 913 377 142 222 332 672 381 358 846 572 41 269 640 655 654 54 762 957 357 
505 350 364 816 842 454 623 442 492 403 799 351 599 694 327 225 289 454 805 501 915 454 77 774 651 998 231 827 630 370 994 913 187 212 239 8 111 576 977 933 397 223 596 797 365 265 572 484 513 126 442 805 949 588 821 379 648 79 577 0 55 318 90 984 673 97 689 839 901 398 663 577 945 476 303 582 331 248 142 573 
622 33 801 494 337 592 397 818 188 290 839 84 602 566 710 0 724 726 593 156 929 911 584 942 855 613 923 499 304 322 756 175 21 336 564 10 857 772 709 994 664 823 214 228 391 326 739 370 947 943 856 135 473 271 599 955 837 317 722 55 0 430 670 370 674 387 628 775 387 33 39 946 610 120 355 90 605 626 149 883 
536 281 144 310 247 835 833 952 121 750 817 948 252 536 32 190 711 28 592 894 251 341 194 339 801 933 723 374 152 832 137 799 153 289 637 461 507 820 470 404 34 441 815 31 345 146 496 260 424 331 87 95 553 743 179 213 932 488 913 318 430 0 365 563 403 412 596 683 702 932 770 953 230 633 521 466 47 17 8 586 
771 484 341 659 258 393 664 637 464 377 717 503 326 550 649 137 110 441 8 217 354 523 13 700 504 929 363 27 703 724 224 981 490 822 109 599 829 712 281 633 555 849 931 276 95 734 850 757 68 3 259 523 144 319 523 781 37 895 377 90 670 365 0 212 908 213 91 73 761 719 4 317 625 610 987 135 721 148 38 663 
652 381 404 660 157 450 957 789 488 128 685 615 254 294 202 653 104 530 373 480 745 934 248 599 153 758 615 941 501 213 949 193 140 976 985 738 780 943 259 10 990 385 955 678 273 880 708 627 903 581 491 738 288 579 989 510 185 110 142 984 370 563 212 0 988 448 70 913 872 145 958 230 247 801 627 532 657 338 708 671 
385 312 567 666 171 943 727 456 139 393 808 989 111 420 262 469 742 730 969 927 892 17 774 938 649 698 894 941 446 912 951 424 922 637 760 989 906 790 927 607 171 460 321 972 439 381 123 17 812 230 208 479 747 424 297 578 61 608 222 673 674 403 908 988 0 944 429 531 303 44 257 404 468 792 367 5 343 533 468 839 
749 396 946 91 828 202 922 320 347 968 188 144 346 367 378 602 620 741 607 306 585 894 825 711 807 788 664 7 445 838 298 853 302 876 216 543 719 901 788 785 495 350 48 313 797 930 220 990 642 384 163 377 709 546 36 420 534 954 332 97 387 412 213 448 944 0 155 885 374 653 436 259 418 170 127 305 645 408 682 498 
29 806 570 175 669 181 91 666 637 599 6 560 723 417 749 205 34 820 761 346 364 118 416 587 619 293 944 347 569 116 463 444 686 312 363 246 919 808 50 707 798 328 990 167 600 53 980 151 460 703 194 650 533 580 868 384 581 113 672 689 628 596 91 70 429 155 0 929 310 909 217 915 370 481 497 771 111 72 903 436 
397 323 449 612 5 228 179 429 981 859 67 395 73 367 804 841 832 123 66 675 693 967 903 816 284 499 820 492 739 494 616 322 628 937 603 547 819 48 314 623 813 243 831 810 852 279 746 314 69 16 723 345 206 480 974 366 498 292 381 839 775 683 73 913 531 885 929 0 264 606 941 876 110 86 817 198 846 680 365 38 
627 193 146 388 985 919 101 405 161 887 7 460 319 257 230 528 687 305 928 8 135 378 740 280 172 729 130 58 663 963 573 626 60 418 483 593 629 557 625 680 447 937 577 41 355 644 771 71 541 542 857 319 780 946 670 848 426 119 358 901 387 702 761 872 303 374 310 264 0 743 729 111 100 786 371 348 86 515 599 49 
310 407 214 884 388 770 713 294 505 506 170 375 420 647 581 443 47 268 855 302 435 844 419 589 989 393 806 269 929 177 151 512 352 694 112 711 653 459 164 400 259 60 187 244 942 313 434 442 899 120 362 787 803 327 932 344 274 138 846 398 33 932 719 145 44 653 909 606 743 0 439 959 904 426 844 334 482 719 192 523 
956 110 990 259 15 557 88 518 90 81 534 819 494 483 379 500 395 583 611 629 682 530 168 805 1 177 467 42 168 609 513 25 5 272 959 674 708 562 576 737 427 288 708 755 664 110 750 29 800 626 833 373 610 329 396 44 826 639 572 663 39 770 4 958 257 436 217 941 729 439 0 835 171 126 178 752 942 863 473 59 
38 597 902 866 269 924 975 468 268 446 467 141 429 89 979 230 611 138 895 52 901 984 346 122 729 964 907 735 753 786 662 300 905 766 203 511 382 925 774 419 239 393 553 500 840 257 322 589 133 240 35 99 603 539 444 894 286 515 41 577 946 953 317 230 404 259 915 876 111 959 835 0 526 653 314 236 882 408 72 782 
407 216 605 665 543 558 282 16 574 950 677 811 740 966 229 878 542 311 843 858 176 92 981 249 108 371 764 610 283 116 531 664 754 643 17 585 111 55 686 354 88 530 149 274 847 802 436 902 908 602 864 929 553 281 395 947 79 427 269 945 610 230 625 247 468 418 370 110 100 904 171 526 0 847 78 696 268 438 424 827 
635 138 852 503 216 161 15 219 221 332 793 661 620 916 796 709 392 953 847 199 657 966 621 559 172 360 240 619 269 784 937 104 740 576 458 85 427 494 980 963 536 769 658 239 534 183 369 44 399 126 849 783 17 326 78 910 450 824 640 476 120 633 610 801 792 170 481 86 786 426 126 653 847 0 411 198 259 913 513 214 
797 577 552 847 440 295 183 889 724 407 125 72 214 803 531 481 957 123 537 27 526 929 586 24 941 161 562 109 757 935 178 514 414 691 323 344 13 147 739 76 49 774 254 328 421 381 993 730 916 742 751 543 780 158 962 21 744 700 655 303 355 521 987 627 367 127 497 817 371 844 178 314 78 411 0 132 719 22 510 240 
716 935 49 929 327 218 67 366 34 337 17 97 795 414 552 568 875 146 982 668 669 262 846 685 829 407 515 689 111 412 863 664 700 560 653 483 739 700 986 906 501 840 289 525 776 214 721 972 850 422 985 93 368 13 969 505 79 949 654 582 90 466 135 532 5 305 771 198 348 334 752 236 696 198 132 0 699 450 870 971 
670 423 554 104 440 810 10 786 899 542 900 582 89 705 896 935 698 644 684 732 778 679 542 588 16 768 386 188 198 792 777 498 749 71 973 267 227 407 108 317 87 802 450 284 454 244 186 512 610 82 865 500 342 731 357 451 224 257 54 331 605 47 721 657 343 645 111 846 86 482 942 882 268 259 719 699 0 536 375 910 
28 221 692 700 512 97 787 122 310 884 822 667 444 725 999 366 11 702 29 953 874 184 415 898 522 645 218 45 913 717 326 867 934 822 170 621 572 332 690 219 823 609 111 268 841 527 415 136 456 488 251 803 538 870 967 423 798 957 762 248 626 17 148 338 533 408 72 680 515 719 863 408 438 913 22 450 536 0 951 550 
373 219 491 801 397 306 78 739 177 240 990 874 699 204 227 401 263 269 900 597 53 964 817 403 87 303 341 401 343 196 678 904 550 569 441 821 993 48 163 832 806 345 353 600 538 453 196 433 560 29 755 614 885 746 961 708 416 368 957 142 149 8 38 708 468 682 903 365 599 192 473 72 424 513 510 870 375 951 0 313 
548 742 474 721 495 69 878 366 300 895 608 470 638 795 962 405 757 371 259 585 235 277 686 412 617 269 248 780 597 124 944 393 832 613 398 68 155 611 743 814 259 877 455 85 951 419 590 5 330 268 294 285 273 294 524 508 267 228 357 573 883 586 663 671 839 498 436 38 49 523 59 782 827 214 240 971 910 550 313 0 
